84,35
3,2
3,1
3,3
10,24
10,18
10,142
10,114
10,134
10,218
10,292
10,176
9,6
9,4
9,2
9,3
8,16
8,6
8,17
8,12
8,2
8,3
77,4
77,3
77,2
77,1
77,0
76,4
76,3
76,2
76,1
76,0
74,4
74,3
74,2
74,1
74,0
73,4
73,3
73,2
73,1
73,0
71,5
71,4
71,3
71,2
71,1
71,0
68,6
68,5
68,4
68,3
68,2
68,1
68,0
66,6
66,5
66,4
66,3
66,2
66,1
66,0
64,6
64,5
64,4
64,3
64,2
64,1
64,0
57,4
57,3
57,2
57,1
57,0
54,3
54,2
54,1
54,0
53,3
53,2
53,1
53,0
52,3
52,1
20,3
20,2
20,1
19,3
19,2
19,1
18,3
18,1
14,3
14,1
13,3
13,1
12,3
12,2
12,1
11,27
11,26
11,25
11,24
11,23
11,22
11,21
11,20
11,18
11,17
11,16
11,15
11,14
11,13
11,8
11,7
11,6
11,4
11,3
11,2
